date,costs,cumulative_costs,trigger,num_trades,portfolio_value,costs_bps
2006-02-17,182.3,182.3,forced,102,100000.0,18.23
2006-03-01,163.76,346.06,scheduled,96,101736.165376,16.09653748937462
2006-04-03,220.75,566.81,scheduled,87,105663.313662,20.891830130005566
2006-05-01,284.89,851.6999999999999,scheduled,96,106873.117904,26.656843702820172
2006-06-01,310.95,1162.6499999999999,scheduled,100,102337.019914,30.384898862729255
2006-07-03,343.14,1505.79,scheduled,98,101076.05386,33.94869377026548
2006-08-01,345.26,1851.05,scheduled,93,97694.979553,35.34060824616835
2006-09-01,389.82,2240.87,scheduled,86,100602.238096,38.74864092268137
2006-10-02,395.37,2636.24,scheduled,78,100671.50972,39.273276133401765
2006-11-01,421.71,3057.95,scheduled,72,104697.14610499999,40.279034881912644
2006-12-01,450.45,3508.3999999999996,scheduled,50,109203.547167,41.248660110934615
2007-01-02,460.61,3969.0099999999998,scheduled,45,110585.563335,41.651910620978704
2007-02-01,473.83,4442.84,scheduled,31,115918.117485,40.876267686223805
2007-03-01,472.23,4915.07,scheduled,34,112333.306893,42.03828882646619
2007-04-02,507.66,5422.73,scheduled,31,114745.709211,44.24217720128342
2007-05-01,504.94,5927.669999999999,scheduled,22,115744.590793,43.6253648261667
2007-06-01,522.52,6450.189999999999,scheduled,20,121232.395393,43.10069089257396
2007-07-02,528.89,6979.079999999999,scheduled,7,120971.281033,43.72029422881973
2007-08-01,526.02,7505.0999999999985,scheduled,3,113776.872003,46.23259461607717
2007-09-03,540.52,8045.619999999999,scheduled,3,116170.314963,46.528237456544254
2007-10-01,544.33,8589.949999999999,scheduled,3,123317.603893,44.140494367073764
2007-11-01,530.58,9120.529999999999,scheduled,5,121684.565343,43.60290054078926
2007-12-03,507.39,9627.919999999998,scheduled,3,118697.818933,42.7463625331145
2008-01-02,506.89,10134.809999999998,scheduled,4,115748.580413,43.792329736691094
2008-02-01,512.31,10647.119999999997,scheduled,1,112436.379633,45.564434009011556
2008-03-03,501.23,11148.349999999997,scheduled,2,108531.850123,46.182756438036584
2008-04-01,507.49,11655.839999999997,scheduled,6,111151.463873,45.657518337306875
2008-05-01,509.85,12165.689999999997,scheduled,5,115944.752213,43.97352965689761
2008-06-02,518.1,12683.789999999997,scheduled,3,118123.450033,43.86089297724195
2008-07-01,513.48,13197.269999999997,scheduled,1,109916.579933,46.715427309782875
2008-08-01,512.18,13709.449999999997,scheduled,4,108937.571893,47.015918484310475
2008-09-01,527.44,14236.889999999998,scheduled,1,111447.365893,47.326376516282345
2008-10-01,489.79,14726.679999999998,scheduled,2,97196.058073,50.39196133161477
2008-11-03,459.36,15186.039999999999,scheduled,5,76596.145653,59.97168605337108
2008-12-01,429.32,15615.359999999999,scheduled,1,59291.436005,72.40843348165758
2009-01-02,466.3,16081.659999999998,scheduled,3,71123.743633,65.56179078622714
2009-02-02,443.45,16525.109999999997,scheduled,2,64681.570791,68.55894106729131
2009-03-02,427.43,16952.539999999997,scheduled,3,56197.227368,76.05891251556451
2009-04-01,443.62,17396.159999999996,scheduled,2,66453.941528,66.75601022297273
2009-05-01,456.27,17852.429999999997,scheduled,2,74933.472268,60.890011658361125
2009-06-01,489.77,18342.199999999997,scheduled,2,81234.324408,60.291016583104266
2009-07-01,470.54,18812.739999999998,scheduled,2,79614.32803799999,59.10242686158336
2009-08-03,489.64,19302.379999999997,scheduled,1,88106.590658,55.573595158234745
2009-09-01,489.78,19792.159999999996,scheduled,2,87427.967838,56.020974993670194
2009-10-01,499.5,20291.659999999996,scheduled,1,92680.471988,53.89484853558728
2009-11-02,486.66,20778.319999999996,scheduled,0,91319.646778,53.29192755016682
2009-12-01,503.35,21281.669999999995,scheduled,0,98293.147738,51.20906305103561
2010-01-04,500.45,21782.119999999995,scheduled,1,101346.434698,49.38012881176135
2010-02-01,503.79,22285.909999999996,scheduled,1,97072.462168,51.89834364437031
2010-03-01,504.89,22790.799999999996,scheduled,0,100731.845938,50.122182840842356
2010-04-01,536.53,23327.329999999994,scheduled,0,107347.374338,49.980728761064185
2010-05-03,524.65,23851.979999999996,scheduled,0,112168.212378,46.77350105500137
2010-06-01,514.63,24366.609999999997,scheduled,0,100852.083438,51.028197183092885
2010-07-01,500.2,24866.809999999998,scheduled,0,98276.752078,50.897082923843755
2010-08-02,531.01,25397.819999999996,scheduled,1,107143.728558,49.560530247232236
2010-09-01,515.36,25913.179999999997,scheduled,0,104602.914708,49.26822559759757
2010-10-01,535.08,26448.26,scheduled,0,112348.954928,47.62661124377273
2010-11-01,547.47,26995.73,scheduled,0,114895.750748,47.649281756360324
2010-12-01,536.57,27532.3,scheduled,0,119361.368938,44.95340534161527
2011-01-03,574.8,28107.1,scheduled,0,125893.04188799999,45.65780533854821
2011-02-01,561.17,28668.269999999997,scheduled,0,127382.788978,44.053832115178324
2011-03-01,565.69,29233.959999999995,scheduled,0,127383.369098,44.40846587789628
2011-04-01,575.11,29809.069999999996,scheduled,0,133654.333138,43.02965616581924
2011-05-02,585.49,30394.559999999998,scheduled,0,136469.473148,42.90263503582527
2011-06-01,586.77,30981.329999999998,scheduled,0,134897.068148,43.49760955191668
2011-07-01,595.7,31577.03,scheduled,0,138462.545628,43.02246483322904
2011-08-01,574.87,32151.899999999998,scheduled,0,130387.230628,44.089440141583125
2011-09-01,545.85,32697.749999999996,scheduled,0,122528.194358,44.54893037966008
2011-10-03,528.44,33226.189999999995,scheduled,0,103733.745698,50.94195687664139
2011-11-01,550.74,33776.92999999999,scheduled,0,117204.488328,46.98966804570989
2011-12-01,550.13,34327.05999999999,scheduled,0,118553.735548,46.4034302636768
2012-01-03,530.26,34857.31999999999,scheduled,0,122306.178548,43.35512778627904
2012-02-01,563.54,35420.85999999999,scheduled,0,130282.036528,43.25538769720451
2012-03-01,570.86,35991.719999999994,scheduled,0,133629.398298,42.71964158118521
2012-04-02,565.97,36557.689999999995,scheduled,0,136788.188928,41.375648324279275
2012-05-01,547.79,37105.479999999996,scheduled,0,135207.821618,40.5146679714773
2012-06-01,552.05,37657.53,scheduled,0,122202.087318,45.175169435807554
2012-07-02,578.92,38236.45,scheduled,0,133137.460348,43.48287840903648
2012-08-01,558.18,38794.63,scheduled,0,131813.921058,42.346058407168755
2012-09-03,584.94,39379.57,scheduled,0,135365.395408,43.21193006801726
2012-10-01,564.04,39943.61,scheduled,0,137416.291348,41.04607935980432
2012-11-01,578.74,40522.35,scheduled,0,136453.491678,42.412985764094486
2012-12-03,572.82,41095.17,scheduled,0,137391.057168,41.69266994572748
2013-01-02,618.4,41713.57,scheduled,0,145330.979108,42.55114799305436
2013-02-01,626.38,42339.95,scheduled,0,149422.596398,41.920031849238036
2013-03-01,617.7,42957.649999999994,scheduled,0,151467.874778,40.7809247277904
2013-04-01,620.95,43578.59999999999,scheduled,0,154124.747238,40.28879275572317
2013-05-01,619.57,44198.16999999999,scheduled,0,155375.704848,39.875603499666134
2013-06-03,647.77,44845.93999999999,scheduled,0,160236.744788,40.42580875298154
2013-07-01,659.19,45505.12999999999,scheduled,0,160345.986218,41.110477134350695
2013-08-01,664.59,46169.71999999999,scheduled,0,168377.205838,39.47030696301131
2013-09-02,636.9,46806.61999999999,scheduled,0,163832.025288,38.875183217713065
2013-10-01,668.64,47475.25999999999,scheduled,0,174417.408708,38.335622857429335
2013-11-01,685.22,48160.47999999999,scheduled,0,179337.935348,38.20831318651855
2013-12-02,697.24,48857.71999999999,scheduled,0,180321.557928,38.66648048140748
2014-01-02,692.11,49549.82999999999,scheduled,0,184609.065668,37.49057488025464
2014-02-03,688.57,50238.39999999999,scheduled,0,179290.242818,38.405324750381254
2014-03-03,731.97,50970.36999999999,scheduled,0,194018.703808,37.7267750806311
2014-04-01,749.77,51720.139999999985,scheduled,0,196937.657768,38.07143887550736
2014-05-01,732.97,52453.109999999986,scheduled,0,191582.253588,38.25876281715848
2014-06-02,713.29,53166.39999999999,scheduled,0,196122.587408,36.369599719593765
2014-07-01,748.1,53914.499999999985,scheduled,0,205281.344478,36.442668567974714
2014-08-01,686.59,54601.08999999998,scheduled,0,197653.863678,34.736988552803155
2014-09-01,704.29,55305.37999999998,scheduled,0,206756.474858,34.06374579000271
2014-10-01,714.48,56019.859999999986,scheduled,0,195580.393638,36.531269147685215
2014-11-03,728.17,56748.029999999984,scheduled,0,205723.613598,35.39554780633501
2014-12-01,697.23,57445.25999999999,scheduled,0,203675.761418,34.232350238725154
2015-01-02,731.87,58177.12999999999,scheduled,0,205647.848868,35.58850744263162
2015-02-02,731.29,58908.41999999999,scheduled,0,206664.150378,35.38543083850928
2015-03-02,763.52,59671.93999999999,scheduled,0,218949.847548,34.87191283988516
2015-04-01,756.65,60428.58999999999,scheduled,0,215146.671628,35.16903116717919
2015-05-01,734.28,61162.86999999999,scheduled,0,218233.048158,33.64659964188301
2015-06-01,791.03,61953.89999999999,scheduled,0,220557.239298,35.865066252992996
2015-07-01,773.57,62727.46999999999,scheduled,0,218354.627408,35.42723180098075
2015-08-03,768.21,63495.679999999986,scheduled,0,219675.519859,34.97021427299137
2015-09-01,752.76,64248.43999999999,scheduled,0,202560.962677,37.16214565983957
2015-10-01,715.72,64964.15999999999,scheduled,0,200943.715316,35.61793405056104
2015-11-02,784.16,65748.31999999999,scheduled,0,216863.189693,36.15920254193842
2015-12-01,798.08,66546.4,scheduled,0,220044.840113,36.26897134193924
2016-01-04,744.96,67291.36,scheduled,0,208094.369049,35.799142639202515
2016-02-01,745.56,68036.92,scheduled,0,195733.981012,38.09047341423518
2016-03-01,746.77,68783.69,scheduled,0,202780.298718,36.82655586963647
2016-04-01,786.29,69569.98,scheduled,0,214683.056643,36.62561975291486
2016-05-02,793.31,70363.29,scheduled,0,217823.677958,36.41982393452025
2016-06-01,792.64,71155.93,scheduled,0,221727.160773,35.748439534274716
2016-07-01,800.22,71956.15,scheduled,0,226191.260978,35.3780246212886
2016-08-01,817.27,72773.42,scheduled,0,234722.892352,34.818504143787926
2016-09-01,814.92,73588.34,scheduled,0,236783.221097,34.41628998138183
2016-10-03,822.15,74410.48999999999,scheduled,0,236315.886902,34.79029746065887
2016-11-01,803.56,75214.04999999999,scheduled,0,226706.470277,35.444952189418096
2016-12-01,817.01,76031.05999999998,scheduled,0,236225.920173,34.58595904300692
2017-01-03,809.01,76840.06999999998,scheduled,0,244070.483438,33.146572604938065
2017-02-01,847.59,77687.65999999997,scheduled,0,248025.659123,34.173480397028854
2017-03-01,895.48,78583.13999999997,scheduled,0,258776.382408,34.60439440675621
2017-04-03,894.05,79477.18999999997,scheduled,0,255222.402628,35.030232095382495
2017-05-01,905.83,80383.01999999997,scheduled,0,260942.852964,34.71373098403923
2017-06-01,926.08,81309.09999999998,scheduled,0,266451.877075,34.75599459707803
2017-07-03,917.81,82226.90999999997,scheduled,0,265964.20573,34.50877900959865
2017-08-01,890.09,83116.99999999997,scheduled,0,270538.168794,32.90071800100617
2017-09-01,915.05,84032.04999999997,scheduled,0,270244.169916,33.860119916164145
2017-10-02,938.36,84970.40999999997,scheduled,0,280617.92549,33.43906125602939
2017-11-01,966.56,85936.96999999997,scheduled,1,286677.205597,33.715969778174596
2017-12-01,963.93,86900.89999999997,scheduled,1,294178.718116,32.76681624603126
2018-01-02,982.29,87883.18999999996,scheduled,0,298058.726163,32.956257065354734
2018-02-01,980.29,88863.47999999995,scheduled,0,309670.930276,31.655861243620713
2018-03-01,948.0,89811.47999999995,scheduled,0,296472.507704,31.975983450933978
2018-04-02,934.41,90745.88999999996,scheduled,0,299316.450863,31.21813042035863
2018-05-01,995.11,91740.99999999996,scheduled,0,309108.24347,32.19292985619062
2018-06-01,1044.29,92785.28999999995,scheduled,0,319715.057608,32.66314723532338
2018-07-02,1009.34,93794.62999999995,scheduled,0,324090.149658,31.143803693667277
2018-08-01,1053.45,94848.07999999994,scheduled,0,326311.761403,32.283543672180826
2018-09-03,1050.48,95898.55999999994,scheduled,0,340947.955368,30.81056752096287
2018-10-01,1071.56,96970.11999999994,scheduled,0,336542.106263,31.840295168373384
2018-11-01,1038.94,98009.05999999994,scheduled,0,307516.570398,33.78484608667959
2018-12-03,1026.09,99035.14999999994,scheduled,0,310554.548288,33.04057228131244
2019-01-02,941.1,99976.24999999994,scheduled,0,275026.262548,34.218550304291426
2019-02-01,1069.91,101046.15999999995,scheduled,0,308049.878738,34.73171307137475
2019-03-01,1074.3,102120.45999999995,scheduled,0,323232.346498,33.23615385772188
2019-04-01,1080.06,103200.51999999995,scheduled,0,326767.074148,33.05290175933751
2019-05-01,1067.45,104267.96999999994,scheduled,0,332631.378938,32.091079422755385
2019-06-03,1067.3,105335.26999999995,scheduled,0,317943.867958,33.568818510473335
2019-07-01,1130.46,106465.72999999995,scheduled,0,341006.117838,33.15072489511879
2019-08-01,1058.58,107524.30999999995,scheduled,0,330848.307498,31.995932154085423
2019-09-02,1038.31,108562.61999999995,scheduled,0,326671.171378,31.784561693034846
2019-10-01,1058.52,109621.13999999996,scheduled,0,326892.913988,32.381246417560995
2019-11-01,1068.91,110690.04999999996,scheduled,0,340501.689238,31.392208431978304
2019-12-02,1107.41,111797.45999999996,scheduled,0,341407.282138,32.43662504985393
2020-01-02,1131.34,112928.79999999996,scheduled,0,355547.618878,31.819647775174655
2020-02-03,1113.55,114042.34999999996,scheduled,0,358928.102728,31.02431911952744
2020-03-02,1085.29,115127.63999999996,scheduled,0,340966.507968,31.829812448965086
2020-04-01,912.62,116040.25999999995,scheduled,0,271648.097866,33.59567054469794
2020-05-01,985.85,117026.10999999996,scheduled,0,307667.64757,32.042693074373425
2020-06-01,1079.48,118105.58999999995,scheduled,0,338209.387363,31.917505555261084
2020-07-01,1103.56,119209.14999999995,scheduled,0,345600.968003,31.931623524573588
2020-08-03,1095.29,120304.43999999994,scheduled,0,366721.042507,29.867116228518388
2020-09-01,1193.09,121497.52999999994,scheduled,1,380666.426408,31.342138870982033
2020-10-01,1160.22,122657.74999999994,scheduled,1,368584.348583,31.477733779537708
2020-11-02,1106.74,123764.48999999995,scheduled,1,364421.530259,30.369775331699607
2020-12-01,1234.63,124999.11999999995,scheduled,0,401739.340058,30.732115998939854
2021-01-04,1209.36,126208.47999999995,scheduled,0,412453.048748,29.321155551426003
2021-02-01,1362.32,127570.79999999996,scheduled,0,441955.890228,30.824795644135314
2021-03-01,1360.83,128931.62999999996,scheduled,0,455304.083898,29.88837676019751
2021-04-01,1460.9,130392.52999999996,scheduled,0,461229.300588,31.674050155477243
2021-05-03,1476.39,131868.91999999995,scheduled,0,474357.049338,31.124023603326027
2021-06-01,1493.79,133362.70999999996,scheduled,0,489923.236718,30.49028680506996
2021-07-01,1543.9,134906.60999999996,scheduled,0,496451.845138,31.09868590720694
2021-08-02,1526.83,136433.43999999994,scheduled,0,500254.145758,30.521086390728485
2021-09-01,1609.18,138042.61999999994,scheduled,0,525735.609398,30.60816066544573
2021-10-01,1567.53,139610.14999999994,scheduled,0,507104.474568,30.91138174900491
2021-11-01,1616.28,141226.42999999993,scheduled,0,537983.181678,30.043318360970524
2021-12-01,1529.56,142755.98999999993,scheduled,0,512330.730278,29.854933729429675
2022-01-03,1589.68,144345.66999999993,scheduled,0,535013.190598,29.712912278352764
2022-02-01,1461.51,145807.17999999993,scheduled,0,484425.855548,30.1699420718716
2022-03-01,1426.29,147233.46999999994,scheduled,0,468029.278178,30.47437556796513
2022-04-01,1468.28,148701.74999999994,scheduled,0,495236.835528,29.648036952553895
2022-05-02,1313.64,150015.38999999996,scheduled,0,438726.242838,29.942134108559873
2022-06-01,1322.41,151337.79999999996,scheduled,0,426796.948108,30.984523339781877
2022-07-01,1276.13,152613.92999999996,scheduled,0,406133.207808,31.42146407794588
2022-08-01,1424.12,154038.04999999996,scheduled,0,439878.795428,32.375281891329585
2022-09-01,1338.55,155376.59999999995,scheduled,0,413011.797098,32.40948586469521
2022-10-03,1264.01,156640.60999999996,scheduled,0,389460.475766,32.455411489803055
2022-11-01,1304.87,157945.47999999995,scheduled,0,407967.233628,31.984676524042364
2022-12-01,1384.81,159330.28999999995,scheduled,0,436243.415868,31.743974800046505
2023-01-03,1292.17,160622.45999999996,scheduled,0,405782.931918,31.84387263141762
2023-02-01,1393.63,162016.08999999997,scheduled,1,451837.178678,30.843632745705616
2023-03-01,1335.66,163351.74999999997,scheduled,0,428410.790458,31.17708586592998
2023-04-03,1340.0,164691.74999999997,scheduled,0,432358.484078,30.992799941408254
2023-05-01,1316.87,166008.61999999997,scheduled,0,429887.948608,30.632866175106674
2023-06-01,1332.43,167341.04999999996,scheduled,0,431204.468808,30.900189965175983
2023-07-03,1431.67,168772.71999999997,scheduled,0,459289.293828,31.171421133455564
2023-08-01,1462.0,170234.71999999997,scheduled,0,469344.940798,31.14979779081556
2023-09-01,1401.03,171635.74999999997,scheduled,0,466966.890888,30.00276951832182
2023-10-02,1340.17,172975.91999999998,scheduled,0,427674.877358,31.33618715878334
2023-11-01,1244.79,174220.71,scheduled,0,419749.718788,29.65552909944169
2023-12-01,1381.76,175602.47,scheduled,0,464695.731328,29.7347254740479
2024-01-02,1464.46,177066.93,scheduled,0,485339.987668,30.17389947687091
2024-02-01,1483.83,178550.75999999998,scheduled,0,490304.880888,30.26341482288752
2024-03-01,1469.39,180020.15,scheduled,0,521991.663488,28.14968327619239
2024-04-01,1508.29,181528.44,scheduled,0,520187.977368,28.99509534287026
2024-05-01,1429.51,182957.95,scheduled,0,488618.340688,29.25616746164656
2024-06-03,1483.22,184441.17,scheduled,0,506872.678268,29.262180890637264
2024-07-01,1468.51,185909.68000000002,scheduled,0,505763.133108,29.03552876572394
2024-08-01,1484.09,187393.77000000002,scheduled,0,525590.235448,28.23663568892216
2024-09-02,1618.24,189012.01,scheduled,0,541341.610588,29.89313897821901
2024-10-01,1629.54,190641.55000000002,scheduled,0,549339.326088,29.663632705934475
2024-11-01,1542.18,192183.73,scheduled,0,544801.778788,28.307176298705002
2024-12-02,1601.29,193785.02000000002,scheduled,0,581629.442308,27.531102855553897
2025-01-02,1609.36,195394.38,scheduled,0,544749.860688,29.543100717225233
2025-02-03,1616.98,197011.36000000002,scheduled,0,561364.110308,28.804477705438313
2025-03-03,1572.07,198583.43000000002,scheduled,0,541557.996048,29.02865457572641
2025-04-01,1543.81,200127.24000000002,scheduled,0,526510.061508,29.32156691513753
2025-05-01,1580.37,201707.61000000002,scheduled,0,535497.314608,29.51219281383097
2025-06-02,1644.24,203351.85,scheduled,0,561752.468708,29.26983131523502
2025-07-01,1706.5,205058.35,scheduled,0,581688.177208,29.337023973753382
2025-08-01,1664.31,206722.66,scheduled,0,566182.762408,29.395278530233192
2025-09-01,1760.41,208483.07,scheduled,0,594846.737008,29.594345744495936
2025-10-01,1775.71,210258.78,scheduled,0,596789.020008,29.754401312145397
