date,costs,cumulative_costs,trigger,num_trades,portfolio_value,costs_bps
2006-02-17,1616.08,1616.08,forced,990,1000000.0,16.1608
2006-03-01,770.09,2386.17,scheduled,754,1011211.502176,7.615518596681932
2006-04-03,907.92,3294.09,scheduled,672,1034395.439132,8.777300881777569
2006-05-01,915.34,4209.43,scheduled,690,1041285.054252,8.790484375649935
2006-06-01,891.16,5100.59,scheduled,699,1018672.812742,8.748245647208655
2006-07-03,919.2,6019.79,scheduled,700,1013183.919638,9.07239033490011
2006-08-01,947.48,6967.27,scheduled,733,979303.858126,9.6750359159526
2006-09-01,922.03,7889.3,scheduled,707,1013784.977002,9.094926645358852
2006-10-02,918.83,8808.130000000001,scheduled,680,1021672.537154,8.993390412152204
2006-11-01,918.25,9726.380000000001,scheduled,688,1064449.107115,8.626527974538428
2006-12-01,920.02,10646.400000000001,scheduled,689,1108722.223971,8.298020731512498
2007-01-02,892.74,11539.140000000001,scheduled,636,1123691.612335,7.944706449707416
2007-02-01,930.69,12469.830000000002,scheduled,726,1163120.411295,8.001665098145638
2007-03-01,920.81,13390.640000000001,scheduled,683,1145396.546657,8.039224517373592
2007-04-02,951.28,14341.920000000002,scheduled,701,1164538.637135,8.168728539057671
2007-05-01,926.16,15268.080000000002,scheduled,692,1193135.580293,7.76240366390349
2007-06-01,959.86,16227.940000000002,scheduled,740,1241553.243353,7.731122327124327
2007-07-02,905.74,17133.680000000004,scheduled,688,1227973.023909,7.375894929000661
2007-08-01,958.95,18092.630000000005,scheduled,764,1161292.464699,8.257609767997195
2007-09-03,978.67,19071.300000000003,scheduled,658,1179030.937119,8.300630366760448
2007-10-01,990.6,20061.9,scheduled,693,1233724.273379,8.029346762278445
2007-11-01,986.51,21048.41,scheduled,678,1213557.862997,8.129072622575382
2007-12-03,1003.7,22052.11,scheduled,725,1169454.943617,8.582630784352089
2008-01-02,992.92,23045.03,scheduled,710,1159056.651507,8.566621818778314
2008-02-01,999.54,24044.57,scheduled,695,1134064.849447,8.813781685301347
2008-03-03,971.37,25015.94,scheduled,709,1087360.316115,8.933285366442112
2008-04-01,986.68,26002.62,scheduled,690,1121864.525249,8.795001337447625
2008-05-01,993.48,26996.1,scheduled,693,1158999.035075,8.571879440224993
2008-06-02,1001.84,27997.94,scheduled,677,1170289.824973,8.56061446166221
2008-07-01,999.72,28997.66,scheduled,716,1078553.099971,9.269084665621751
2008-08-01,995.89,29993.55,scheduled,713,1094493.154923,9.099097564205993
2008-09-01,983.26,30976.809999999998,scheduled,685,1124570.078229,8.743430214224277
2008-10-01,1024.68,32001.489999999998,scheduled,709,1016447.421853,10.080993644826133
2008-11-03,1022.29,33023.78,scheduled,759,825865.449897,12.378408615198731
2008-12-01,1037.43,34061.21,scheduled,822,662567.299861,15.657730168960082
2009-01-02,1011.48,35072.69,scheduled,740,797015.158483,12.690850220781272
2009-02-02,1025.49,36098.18,scheduled,770,722277.058453,14.198014293800675
2009-03-02,1005.52,37103.7,scheduled,747,604908.432502,16.62268115260032
2009-04-01,1001.84,38105.53999999999,scheduled,720,712852.220897,14.053964771819876
2009-05-01,992.17,39097.70999999999,scheduled,640,826864.564087,11.999183942481867
2009-06-01,1020.18,40117.88999999999,scheduled,676,896489.370787,11.379722205790525
2009-07-01,1016.19,41134.079999999994,scheduled,620,894333.439799,11.362540578024088
2009-08-03,1034.54,42168.619999999995,scheduled,684,996278.496157,10.384044260621785
2009-09-01,1041.57,43210.189999999995,scheduled,670,993785.762335,10.480830370851017
2009-10-01,1019.17,44229.35999999999,scheduled,748,1039970.1565,9.799992755849816
2009-11-02,1043.85,45273.20999999999,scheduled,747,1022809.437352,10.2057134191338
2009-12-01,1049.53,46322.73999999999,scheduled,750,1078417.114802,9.732134121338532
2010-01-04,1034.07,47356.80999999999,scheduled,714,1146699.039286,9.017797735697684
2010-02-01,1004.56,48361.36999999999,scheduled,776,1100245.789008,9.130323515309504
2010-03-01,1017.89,49379.25999999999,scheduled,765,1154197.682263,8.819026546685263
2010-04-01,1009.22,50388.47999999999,scheduled,719,1220567.022879,8.26845212989216
2010-05-03,1030.79,51419.26999999999,scheduled,755,1291335.604159,7.9823556067078005
2010-06-01,1018.59,52437.859999999986,scheduled,749,1154042.425839,8.826278628876883
2010-07-01,998.13,53435.98999999998,scheduled,840,1115030.756409,8.951591642319507
2010-08-02,983.23,54419.21999999999,scheduled,785,1216993.293139,8.079173529904569
2010-09-01,981.33,55400.54999999999,scheduled,778,1174316.723089,8.35660414865459
2010-10-01,975.41,56375.95999999999,scheduled,777,1256757.086699,7.761324844103431
2010-11-01,982.59,57358.54999999999,scheduled,799,1297915.387575,7.570524314653917
2010-12-01,1002.88,58361.429999999986,scheduled,804,1348487.507915,7.437072973339069
2011-01-03,959.13,59320.55999999998,scheduled,749,1436089.810805,6.678760567644162
2011-02-01,956.83,60277.389999999985,scheduled,750,1453972.713585,6.5807975009433575
2011-03-01,959.85,61237.23999999998,scheduled,745,1463532.884691,6.558445047872334
2011-04-01,975.98,62213.21999999999,scheduled,768,1529917.522021,6.379298138312343
2011-05-02,969.23,63182.44999999999,scheduled,729,1551382.375701,6.247524886068455
2011-06-01,987.33,64169.77999999999,scheduled,782,1507742.795299,6.548398062842031
2011-07-01,972.08,65141.85999999999,scheduled,752,1538519.743119,6.318280960303625
2011-08-01,999.45,66141.31,scheduled,804,1462206.647809,6.835217180127009
2011-09-01,1027.72,67169.03,scheduled,748,1362372.278529,7.543606224208148
2011-10-03,1015.47,68184.5,scheduled,793,1197644.943379,8.4788902221303
2011-11-01,993.91,69178.41,scheduled,824,1377264.102055,7.216553444738727
2011-12-01,980.4,70158.81,scheduled,812,1408322.719735,6.9614725819695575
2012-01-03,969.61,71128.42,scheduled,789,1443018.582805,6.719317488727217
2012-02-01,952.37,72080.79,scheduled,745,1548133.374589,6.151730953108844
2012-03-01,981.5,73062.29,scheduled,766,1576636.121659,6.225279165665862
2012-04-02,967.8,74030.09,scheduled,725,1621380.225159,5.968988550511606
2012-05-01,963.76,74993.84999999999,scheduled,756,1599673.040049,6.024731153626736
2012-06-01,986.77,75980.62,scheduled,796,1460399.104359,6.7568515829316
2012-07-02,970.61,76951.23,scheduled,737,1566819.080689,6.194780316136944
2012-08-01,965.75,77916.98,scheduled,762,1535434.765479,6.289749468442712
2012-09-03,954.27,78871.25,scheduled,760,1595262.341449,5.981900125174539
2012-10-01,986.37,79857.62,scheduled,674,1638734.865389,6.019094490711634
2012-11-01,1010.7,80868.31999999999,scheduled,719,1648064.382439,6.132648765239662
2012-12-03,1025.85,81894.17,scheduled,726,1645432.080149,6.234532633562762
2013-01-02,994.0,82888.17,scheduled,676,1734340.537569,5.731285053126161
2013-02-01,999.2,83887.37,scheduled,776,1815079.600259,5.504992727908025
2013-03-01,994.26,84881.62999999999,scheduled,774,1825409.899939,5.446776639226211
2013-04-01,959.96,85841.59,scheduled,757,1877784.251959,5.112195391981379
2013-05-01,986.6,86828.19,scheduled,792,1880967.987709,5.245171669304531
2013-06-03,993.98,87822.17,scheduled,771,1954719.321169,5.085026731129666
2013-07-01,977.09,88799.26,scheduled,764,1938578.532279,5.040239452416351
2013-08-01,1014.72,89813.98,scheduled,687,2057752.352289,4.931205637409414
2013-09-02,997.64,90811.62,scheduled,804,1976031.616619,5.048704644245355
2013-10-01,993.12,91804.73999999999,scheduled,774,2101304.475289,4.7262070379563275
2013-11-01,1034.09,92838.82999999999,scheduled,811,2154254.300799,4.800222516053291
2013-12-02,1012.79,93851.61999999998,scheduled,774,2194679.063319,4.614752183712746
2014-01-02,973.34,94824.95999999998,scheduled,737,2242164.163429,4.341073753098639
2014-02-03,1013.18,95838.13999999997,scheduled,784,2156241.877399,4.698823497585363
2014-03-03,1016.28,96854.41999999997,scheduled,780,2299337.221009,4.419882350071442
2014-04-01,994.72,97849.13999999997,scheduled,772,2354008.477619,4.225643235601792
2014-05-01,1000.23,98849.36999999997,scheduled,761,2315070.940729,4.320515550530103
2014-06-02,979.43,99828.79999999996,scheduled,710,2343170.630849,4.179934602735796
2014-07-01,975.38,100804.17999999996,scheduled,738,2444149.381589,3.9906726133321775
2014-08-01,1002.81,101806.98999999996,scheduled,744,2331010.747179,4.302039367315681
2014-09-01,990.93,102797.91999999995,scheduled,718,2434024.538609,4.071158627539138
2014-10-01,984.5,103782.41999999995,scheduled,741,2297377.216979,4.285321508039484
2014-11-03,1005.81,104788.22999999995,scheduled,755,2437947.786349,4.125642089760552
2014-12-01,978.08,105766.30999999995,scheduled,745,2442053.455169,4.0051539327680805
2015-01-02,959.57,106725.87999999996,scheduled,731,2482416.942099,3.8654666898487995
2015-02-02,1015.05,107740.92999999996,scheduled,811,2466523.897959,4.115305758196521
2015-03-02,1005.41,108746.33999999997,scheduled,752,2583365.868919,3.8918606616905955
2015-04-01,991.11,109737.44999999997,scheduled,768,2575590.024259,3.848089139439587
2015-05-01,981.17,110718.61999999997,scheduled,740,2570541.301329,3.816978157451598
2015-06-01,971.31,111689.92999999996,scheduled,750,2583847.757249,3.759161108757217
2015-07-01,999.64,112689.56999999996,scheduled,772,2563051.390919,3.9001949143187957
2015-08-03,1023.74,113713.30999999997,scheduled,707,2547620.967191,4.018415663805644
2015-09-01,1027.03,114740.33999999997,scheduled,817,2374700.802855,4.324881680947959
2015-10-01,1030.83,115771.16999999997,scheduled,744,2359288.356514,4.369241246640651
2015-11-02,1031.71,116802.87999999998,scheduled,682,2539251.505757,4.063047703864322
2015-12-01,1032.94,117835.81999999998,scheduled,698,2548646.241987,4.052896722122916
2016-01-04,1024.83,118860.64999999998,scheduled,695,2404319.964503,4.262452648276553
2016-02-01,1052.7,119913.34999999998,scheduled,755,2318057.47038,4.541302420027709
2016-03-01,1051.41,120964.75999999998,scheduled,730,2411678.12956,4.359661378991007
2016-04-01,1031.86,121996.61999999998,scheduled,694,2565158.652295,4.022597195213691
2016-05-02,1039.94,123036.55999999998,scheduled,676,2604841.657815,3.9923348003898447
2016-06-01,1028.65,124065.20999999998,scheduled,675,2647101.05572,3.8859491131902093
2016-07-01,1039.56,125104.76999999997,scheduled,692,2679934.012636,3.8790507344525333
2016-08-01,1027.94,126132.70999999998,scheduled,785,2793476.954828,3.679786934427359
2016-09-01,1044.15,127176.85999999997,scheduled,673,2819925.522191,3.7027573664028046
2016-10-03,1018.82,128195.67999999998,scheduled,778,2814257.568843,3.6202087942464276
2016-11-01,1024.02,129219.69999999998,scheduled,795,2721294.972469,3.7629878802551056
2016-12-01,1107.71,130327.40999999999,scheduled,767,2921745.180327,3.7912614948714514
2017-01-03,1067.58,131394.99,scheduled,708,3028388.341687,3.525241414069411
2017-02-01,1062.58,132457.56999999998,scheduled,827,3058844.74189,3.4737951405256764
2017-03-01,1045.78,133503.34999999998,scheduled,796,3186992.099868,3.281401293851072
2017-04-03,1011.64,134514.99,scheduled,751,3133410.263778,3.228559029420713
2017-05-01,1010.9,135525.88999999998,scheduled,767,3199523.799624,3.1595326783279387
2017-06-01,1074.51,136600.4,scheduled,678,3230434.924994,3.326208467121485
2017-07-03,1048.4,137648.8,scheduled,781,3266905.668234,3.209152961452776
2017-08-01,1039.37,138688.16999999998,scheduled,777,3309320.05094,3.1407358127986766
2017-09-01,1047.84,139736.00999999998,scheduled,777,3305542.615052,3.169948544086509
2017-10-02,1072.35,140808.36,scheduled,702,3459133.126954,3.100054148376407
2017-11-01,1099.15,141907.50999999998,scheduled,729,3505253.139759,3.1357221751909505
2017-12-01,1151.34,143058.84999999998,scheduled,748,3610474.591113,3.1888882498549216
2018-01-02,1131.07,144189.91999999998,scheduled,752,3650438.409531,3.0984497561905644
2018-02-01,1150.81,145340.72999999998,scheduled,680,3712232.389365,3.100048378697684
2018-03-01,1140.9,146481.62999999998,scheduled,788,3528194.524727,3.233665241539592
2018-04-02,1121.17,147602.8,scheduled,749,3518018.738713,3.186935838807268
2018-05-01,1144.89,148747.69,scheduled,741,3608047.937684,3.1731562877595887
2018-06-01,1166.58,149914.27,scheduled,661,3757719.848126,3.1044890176732607
2018-07-02,1148.37,151062.63999999998,scheduled,709,3762231.136196,3.0523642977478502
2018-08-01,1142.64,152205.28,scheduled,717,3834745.122892,2.979702596605091
2018-09-03,1176.94,153382.22,scheduled,675,3942793.391698,2.985041018071556
2018-10-01,1153.34,154535.56,scheduled,678,3860983.737043,2.987166169426305
2018-11-01,1129.45,155665.01,scheduled,678,3661009.452704,3.0850780763917314
2018-12-03,1145.02,156810.03,scheduled,716,3735184.191244,3.0654980889139285
2019-01-02,1134.27,157944.3,scheduled,687,3364156.231904,3.371632949870586
2019-02-01,1084.45,159028.75,scheduled,706,3700478.254944,2.93056714642527
2019-03-01,1116.94,160145.69,scheduled,721,3859082.025084,2.8943152613494596
2019-04-01,1117.42,161263.11000000002,scheduled,702,3878268.888054,2.8812339532256828
2019-05-01,1116.48,162379.59000000003,scheduled,719,3935960.999154,2.8366134731517345
2019-06-03,1166.13,163545.72000000003,scheduled,701,3758825.537724,3.1023786241116724
2019-07-01,1116.74,164662.46000000002,scheduled,591,3999552.558744,2.792162332155214
2019-08-01,1162.82,165825.28000000003,scheduled,587,3997498.867734,2.9088688664448568
2019-09-02,1226.51,167051.79000000004,scheduled,622,3942670.862154,3.110860741060999
2019-10-01,1171.75,168223.54000000004,scheduled,610,3995475.534644,2.9326922160828692
2019-11-01,1217.22,169440.76000000004,scheduled,579,4162684.328054,2.9241227632772104
2019-12-02,1206.49,170647.25000000003,scheduled,574,4170202.620614,2.89312081392909
2020-01-02,1276.48,171923.73000000004,scheduled,571,4328471.594714,2.9490317126231305
2020-02-03,1256.37,173180.10000000003,scheduled,554,4281706.587094,2.9342739266323714
2020-03-02,1301.19,174481.29000000004,scheduled,595,4017814.754514,3.238551500011587
2020-04-01,1539.83,176021.12000000002,scheduled,646,2986684.680784,5.155649707205773
2020-05-01,1511.34,177532.46000000002,scheduled,570,3434807.072902,4.400072457994268
2020-06-01,1572.79,179105.25000000003,scheduled,518,3800090.857329,4.138822094126137
2020-07-01,1593.7,180698.95000000004,scheduled,482,3828673.053383,4.16253876415959
2020-08-03,1754.29,182453.24000000005,scheduled,439,4089549.423885,4.289690178957308
2020-09-01,1738.12,184191.36000000004,scheduled,414,4201047.813374,4.137348769196842
2020-10-01,1750.49,185941.85000000003,scheduled,396,4069374.952053,4.301618849639003
2020-11-02,1743.1,187684.95000000004,scheduled,381,4146014.54894,4.204278541293719
2020-12-01,1850.82,189535.77000000005,scheduled,303,4727311.669837,3.9151639013126824
2021-01-04,1938.61,191474.38000000003,scheduled,283,4908050.957957,3.949857115597178
2021-02-01,2359.73,193834.11000000004,scheduled,248,5294221.397437,4.457180429104033
2021-03-01,2639.12,196473.23000000004,scheduled,301,5666196.401251,4.657657117951871
2021-04-01,2822.01,199295.24000000005,scheduled,300,5847638.021033,4.825897208154284
2021-05-03,2875.38,202170.62000000005,scheduled,364,6008085.359037,4.785850779691448
2021-06-01,2949.76,205120.38000000006,scheduled,408,6139141.080497,4.804841526399975
2021-07-01,2945.31,208065.69000000006,scheduled,431,6100428.954977,4.828037539224328
2021-08-02,2833.17,210898.86000000007,scheduled,496,6047169.872647,4.6851172691794245
2021-09-01,2992.64,213891.5000000001,scheduled,501,6245867.493937,4.791392073086759
2021-10-01,2891.97,216783.4700000001,scheduled,521,6075361.584447,4.760161119304369
2021-11-01,3120.13,219903.6000000001,scheduled,536,6397299.335237,4.877261226177106
2021-12-01,3058.01,222961.6100000001,scheduled,585,6099904.915617,5.013209291461038
2022-01-03,3012.04,225973.6500000001,scheduled,579,6485584.782337,4.644207270565738
2022-02-01,2602.27,228575.9200000001,scheduled,608,6099689.907507,4.266233266706458
2022-03-01,2547.32,231123.2400000001,scheduled,614,5995499.750307,4.2487200501835805
2022-04-01,2632.72,233755.9600000001,scheduled,613,6288342.372877,4.186667716051051
2022-05-02,2360.18,236116.1400000001,scheduled,624,5823767.865457,4.052668400468247
2022-06-01,2320.21,238436.3500000001,scheduled,678,5860793.507967,3.958866656615646
2022-07-01,1989.52,240425.87000000008,scheduled,735,5441112.888537,3.6564578621248565
2022-08-01,2155.61,242581.48000000007,scheduled,713,5888419.607947,3.6607615345394082
2022-09-01,2012.65,244594.13000000006,scheduled,736,5604530.119097,3.591112827000522
2022-10-03,1853.29,246447.42000000007,scheduled,771,5244236.175067,3.5339560197750295
2022-11-01,1860.74,248308.16000000006,scheduled,718,5630633.792435,3.304672384305981
2022-12-01,1787.9,250096.06000000006,scheduled,708,5971905.884605,2.993851602063982
2023-01-03,1589.49,251685.55000000005,scheduled,701,5668349.395825,2.8041496545197666
2023-02-01,1672.32,253357.87000000005,scheduled,692,6265947.716385,2.668901937414837
2023-03-01,1657.99,255015.86000000004,scheduled,714,6054877.244565,2.738271864203772
2023-04-03,1601.39,256617.25000000006,scheduled,742,5920953.314625,2.7046151437210297
2023-05-01,1494.33,258111.58000000005,scheduled,712,5848747.347255,2.5549573460398074
2023-06-01,1523.54,259635.12000000005,scheduled,697,5745103.119995,2.6518932178911454
2023-07-03,1603.94,261239.06000000006,scheduled,677,6144737.803775,2.610265972641867
2023-08-01,1624.18,262863.24000000005,scheduled,673,6331576.434185,2.5652063382364654
2023-09-01,1654.0,264517.24000000005,scheduled,702,6179683.806495,2.6765123456018984
2023-10-02,1535.95,266053.19000000006,scheduled,723,5749087.152475,2.671641530671123
2023-11-01,1557.74,267610.93000000005,scheduled,670,5597366.140255,2.7829874997761603
2023-12-01,1562.28,269173.2100000001,scheduled,679,6144800.965745,2.5424419907318967
2024-01-02,1585.03,270758.2400000001,scheduled,640,6475696.213885,2.447659599289764
2024-02-01,1591.98,272350.2200000001,scheduled,669,6418780.074175,2.4801909110503617
2024-03-01,1770.06,274120.2800000001,scheduled,648,6622051.034705,2.6729784937075056
2024-04-01,1811.01,275931.2900000001,scheduled,592,6788047.142115,2.6679396328348584
2024-05-01,1707.22,277638.51000000007,scheduled,657,6466707.877535,2.640014103514389
2024-06-03,1806.79,279445.30000000005,scheduled,620,6670964.649665,2.7084388763636045
2024-07-01,1815.79,281261.09,scheduled,653,6552019.773215,2.7713438952413494
2024-08-01,1924.07,283185.16000000003,scheduled,621,6906129.666435,2.7860322538560456
2024-09-02,2005.43,285190.59,scheduled,604,7059753.895345,2.84065143024649
2024-10-01,2063.65,287254.24000000005,scheduled,557,7113235.591745,2.901141081837486
2024-11-01,2193.52,289447.76000000007,scheduled,514,7020061.256385,3.1246450990793195
2024-12-02,2514.17,291961.93000000005,scheduled,471,7524913.210055,3.3411282360579198
2025-01-02,2376.34,294338.2700000001,scheduled,459,6983254.054985,3.402912139940904
2025-02-03,2542.21,296880.4800000001,scheduled,425,7109998.850265,3.5755420690472377
2025-03-03,2427.38,299307.8600000001,scheduled,418,6901388.854175,3.517234068808563
2025-04-01,2459.15,301767.0100000001,scheduled,371,6758148.273855,3.6387926105640855
2025-05-01,2615.3,304382.3100000001,scheduled,335,6608883.883755,3.9572491301118955
2025-06-02,2876.08,307258.39000000013,scheduled,285,6874012.692755,4.18398994670362
2025-07-01,2952.55,310210.9400000001,scheduled,221,7159146.118055,4.124165020956648
2025-08-01,3118.4,313329.34000000014,scheduled,212,7043730.587455,4.42719942405793
2025-09-01,3225.05,316554.39000000013,scheduled,169,7420826.419155,4.345944532101362
2025-10-01,3635.33,320189.72000000015,scheduled,151,7559770.881755,4.808783304231647
