date,costs,cumulative_costs,trigger,num_trades,portfolio_value,costs_bps
2006-02-17,1474.1,1474.1,forced,105,1000000.0,14.741
2006-03-01,926.28,2400.38,scheduled,119,1017869.9764619999,9.10017999764217
2006-04-03,1446.83,3847.21,scheduled,136,1058508.8407,13.668567936033487
2006-05-01,2035.08,5882.29,scheduled,152,1070911.227728,19.003255800366755
2006-06-01,2308.88,8191.17,scheduled,159,1024195.645688,22.543349112258895
2006-07-03,2393.71,10584.880000000001,scheduled,179,1012310.397612,23.646008236669967
2006-08-01,2257.12,12842.0,scheduled,169,978497.471174,23.067203201781503
2006-09-01,2586.26,15428.26,scheduled,167,1009973.136975,25.60721572997657
2006-10-02,2617.68,18045.94,scheduled,181,1009783.756665,25.923173973855334
2006-11-01,2817.47,20863.41,scheduled,172,1050625.140021,26.817081494391843
2006-12-01,2958.78,23822.19,scheduled,168,1096694.675439,26.979067795834965
2007-01-02,2985.37,26807.559999999998,scheduled,159,1113698.908243,26.80589859524776
2007-02-01,3048.57,29856.129999999997,scheduled,162,1166325.247713,26.138249223171815
2007-03-01,2985.03,32841.159999999996,scheduled,150,1129251.190741,26.433711334333527
2007-04-02,3253.19,36094.35,scheduled,137,1155450.795499,28.155158252282458
2007-05-01,3281.66,39376.009999999995,scheduled,125,1164345.968975,28.184578187606203
2007-06-01,3363.58,42739.59,scheduled,110,1220975.889819,27.548291723423173
2007-07-02,3389.61,46129.2,scheduled,106,1217713.681869,27.835853784589816
2007-08-01,3340.84,49470.03999999999,scheduled,98,1144482.096139,29.190845459886052
2007-09-03,3520.7,52990.73999999999,scheduled,90,1169524.799259,30.103679735826745
2007-10-01,3621.82,56612.55999999999,scheduled,76,1241794.653463,29.166013800267297
2007-11-01,3432.25,60044.80999999999,scheduled,61,1226077.852749,27.99373622404582
2007-12-03,3371.22,63416.02999999999,scheduled,69,1197486.462813,28.152468563867604
2008-01-02,3300.81,66716.84,scheduled,55,1166738.049161,28.29092616267729
2008-02-01,3227.77,69944.61,scheduled,41,1131929.945821,28.51563395700134
2008-03-03,3127.75,73072.36,scheduled,35,1094343.457741,28.581063631124202
2008-04-01,3255.66,76328.02,scheduled,38,1122400.558905,29.006222191979134
2008-05-01,3350.25,79678.27,scheduled,35,1170095.320307,28.632282702583485
2008-06-02,3400.92,83079.19,scheduled,29,1191937.878371,28.53269504823503
2008-07-01,3192.55,86271.74,scheduled,26,1109497.126669,28.774747795741202
2008-08-01,3182.09,89453.83,scheduled,16,1098612.8434889999,28.964616778866755
2008-09-01,3283.92,92737.75,scheduled,16,1124816.317829,29.195166783660028
2008-10-01,2926.9,95664.65,scheduled,18,980211.286099,29.859888796509807
2008-11-03,2466.64,98131.29,scheduled,27,771235.910739,31.98295055577041
2008-12-01,1997.74,100129.03,scheduled,22,598369.79123,33.386377943536814
2009-01-02,2374.72,102503.75,scheduled,15,717044.807239,33.11815351043294
2009-02-02,2130.35,104634.1,scheduled,25,652515.293079,32.64827694608652
2009-03-02,1863.66,106497.76000000001,scheduled,17,566674.934469,32.88763780854951
2009-04-01,2166.66,108664.42000000001,scheduled,12,669375.5546639999,32.36837653994666
2009-05-01,2376.05,111040.47000000002,scheduled,11,756526.471184,31.407361017802437
2009-06-01,2636.63,113677.10000000002,scheduled,7,821252.45285,32.10498782499923
2009-07-01,2575.04,116252.14000000001,scheduled,6,803042.041258,32.06606712602604
2009-08-03,2772.7,119024.84000000001,scheduled,4,888231.31967,31.215967491780486
2009-09-01,2777.28,121802.12000000001,scheduled,5,882520.6248539999,31.469859420673146
2009-10-01,2937.05,124739.17000000001,scheduled,2,935734.478306,31.38764326945681
2009-11-02,2866.42,127605.59000000001,scheduled,2,922469.384066,31.073334785004814
2009-12-01,2988.09,130593.68000000001,scheduled,2,994609.603256,30.042842842237302
2010-01-04,3009.18,133602.86000000002,scheduled,2,1024341.428374,29.37672846813055
2010-02-01,3040.9,136643.76,scheduled,2,981432.662138,30.9842958902097
2010-03-01,2967.45,139611.21000000002,scheduled,1,1018615.913166,29.132177905769723
2010-04-01,3267.68,142878.89,scheduled,2,1087981.764996,30.03432690815377
2010-05-03,3316.68,146195.57,scheduled,1,1137332.216816,29.161927807559675
2010-06-01,3131.88,149327.45,scheduled,1,1020344.024846,30.69435331355709
2010-07-01,2889.37,152216.82,scheduled,1,993473.172786,29.083523130245485
2010-08-02,3226.22,155443.04,scheduled,2,1084266.357046,29.754865850394797
2010-09-01,3196.84,158639.88,scheduled,2,1059572.576306,30.171033787465323
2010-10-01,3397.19,162037.07,scheduled,1,1138509.371384,29.838928737760785
2010-11-01,3537.49,165574.56,scheduled,0,1165426.894456,30.3535984696083
2010-12-01,3482.27,169056.83,scheduled,0,1208196.889334,28.822040767871435
2011-01-03,3781.65,172838.47999999998,scheduled,0,1274492.521456,29.671810044673975
2011-02-01,3765.59,176604.06999999998,scheduled,0,1289079.793908,29.21145779955299
2011-03-01,3745.88,180349.94999999998,scheduled,0,1289875.125844,29.04064063991443
2011-04-01,3992.12,184342.06999999998,scheduled,0,1354820.398034,29.466045874368472
2011-05-02,4040.77,188382.83999999997,scheduled,0,1385715.885974,29.16016220135775
2011-06-01,4017.37,192400.20999999996,scheduled,0,1368801.791408,29.349537860171743
2011-07-01,4137.04,196537.24999999997,scheduled,0,1404817.359678,29.44895271616131
2011-08-01,3964.35,200501.59999999998,scheduled,0,1323283.954428,29.95842265550346
2011-09-01,3615.0,204116.59999999998,scheduled,0,1246028.438818,29.01217891486682
2011-10-03,3261.08,207377.67999999996,scheduled,0,1055837.942638,30.886179292365888
2011-11-01,3662.16,211039.83999999997,scheduled,0,1192887.741844,30.699955004474504
2011-12-01,3646.02,214685.85999999996,scheduled,0,1208654.526034,30.16594007192288
2012-01-03,3572.91,218258.76999999996,scheduled,0,1247139.662204,28.648836279377058
2012-02-01,3844.54,222103.30999999997,scheduled,0,1324769.5361259999,29.02044389730247
2012-03-01,3893.74,225997.04999999996,scheduled,1,1359076.793316,28.64988953640873
2012-04-02,3836.8,229833.84999999995,scheduled,0,1389523.534866,27.612342675217842
2012-05-01,3590.43,233424.27999999994,scheduled,0,1374337.628406,26.12480314727534
2012-06-01,3578.09,237002.36999999994,scheduled,0,1242122.178406,28.806264489953147
2012-07-02,3975.6,240977.96999999994,scheduled,0,1352243.989076,29.400019760609638
2012-08-01,3900.46,244878.42999999993,scheduled,0,1342033.988926,29.063794450701295
2012-09-03,4077.16,248955.58999999994,scheduled,0,1376515.082766,29.619435711574365
2012-10-01,3951.95,252907.53999999995,scheduled,0,1395725.556406,28.314663881173676
2012-11-01,4042.91,256950.44999999995,scheduled,0,1384700.688816,29.196995658729136
2012-12-03,4016.41,260966.85999999996,scheduled,0,1396541.728926,28.759684847289098
2013-01-02,4353.88,265320.73999999993,scheduled,0,1476796.855216,29.48191543489704
2013-02-01,4561.27,269882.00999999995,scheduled,0,1517423.926086,30.05929932688758
2013-03-01,4477.65,274359.66,scheduled,0,1539364.900006,29.087645170956847
2013-04-01,4572.2,278931.86,scheduled,0,1566264.955906,29.191740406113013
2013-05-01,4379.56,283311.42,scheduled,0,1577733.778826,27.758548741086436
2013-06-03,4764.69,288076.11,scheduled,0,1626961.875306,29.285812238863027
2013-07-01,4779.84,292855.95,scheduled,0,1627062.8152659999,29.377107971203742
2013-08-01,4911.07,297767.02,scheduled,0,1709520.6203359999,28.727761113725247
2013-09-02,4723.85,302490.87,scheduled,0,1664911.497566,28.372979626280337
2013-10-01,5077.72,307568.58999999997,scheduled,0,1771209.705476,28.66809042600294
2013-11-01,5201.96,312770.55,scheduled,0,1818852.404956,28.600231584628446
2013-12-02,5326.51,318097.06,scheduled,0,1826557.429036,29.161470180607274
2014-01-02,5263.28,323360.34,scheduled,0,1869103.472366,28.159382708424857
2014-02-03,5191.06,328551.4,scheduled,0,1811751.015506,28.652171052048235
2014-03-03,5657.57,334208.97000000003,scheduled,0,1963517.2368659999,28.813447082492306
2014-04-01,5921.95,340130.92000000004,scheduled,0,1995538.883676,29.675943918923405
2014-05-01,5727.87,345858.79000000004,scheduled,0,1942376.377856,29.488980947773044
2014-06-02,5615.53,351474.32000000007,scheduled,0,1989624.426706,28.224070455834767
2014-07-01,5979.47,357453.79000000004,scheduled,0,2078682.933596,28.76566648698013
2014-08-01,5473.26,362927.05000000005,scheduled,0,2004461.678906,27.30538606748127
2014-09-01,5547.56,368474.61000000004,scheduled,0,2094728.636876,26.48343037059647
2014-10-01,5669.68,374144.29000000004,scheduled,0,1980797.475166,28.623219037195387
2014-11-03,5819.45,379963.74000000005,scheduled,0,2078084.574726,28.00391317455069
2014-12-01,5519.03,385482.7700000001,scheduled,0,2055801.595986,26.846121779339178
2015-01-02,5771.73,391254.50000000006,scheduled,0,2075510.661636,27.808722483027346
2015-02-02,5720.33,396974.8300000001,scheduled,0,2081258.5085459999,27.484956705336486
2015-03-02,6179.25,403154.0800000001,scheduled,0,2205333.663436,28.019569566504853
2015-04-01,6068.05,409222.13000000006,scheduled,0,2165375.077416,28.023089686804592
2015-05-01,5841.09,415063.2200000001,scheduled,0,2198582.726936,26.567524289342025
2015-06-01,6438.77,421501.9900000001,scheduled,0,2220397.055296,28.998282017364915
2015-07-01,6201.34,427703.33000000013,scheduled,0,2191980.479676,28.29103661049313
2015-08-03,6202.16,433905.4900000001,scheduled,0,2199178.937023,28.202161704930585
2015-09-01,5926.47,439831.9600000001,scheduled,0,2026360.353374,29.246871071732656
2015-10-01,5616.12,445448.0800000001,scheduled,0,2005923.915478,27.997672078513062
2015-11-02,6309.19,451757.2700000001,scheduled,0,2171010.262824,29.061078650974
2015-12-01,6390.55,458147.82000000007,scheduled,0,2198002.58958,29.074351551246913
2016-01-04,5831.26,463979.0800000001,scheduled,0,2080113.604282,28.033372735008847
2016-02-01,5736.83,469715.9100000001,scheduled,0,1956795.755654,29.31746955922151
2016-03-01,5859.1,475575.01000000007,scheduled,0,2038872.432736,28.736962185209237
2016-04-01,6290.67,481865.68000000005,scheduled,0,2158308.615506,29.146295181355228
2016-05-02,6237.1,488102.78,scheduled,0,2189219.134586,28.49006708129056
2016-06-01,6330.07,494432.85000000003,scheduled,0,2222215.421646,28.485402172716913
2016-07-01,6567.01,500999.86000000004,scheduled,0,2266775.98273,28.970705751394974
2016-08-01,6635.58,507635.44000000006,scheduled,0,2353015.712194,28.20032167916486
2016-09-01,6669.43,514304.87000000005,scheduled,0,2378291.375688,28.042947420900628
2016-10-03,6713.13,521018.00000000006,scheduled,0,2374073.566334,28.276840680915758
2016-11-01,6546.36,527564.3600000001,scheduled,0,2275843.479292,28.764544045166623
2016-12-01,6676.9,534241.2600000001,scheduled,0,2374080.37624,28.124153111339393
2017-01-03,6577.08,540818.3400000001,scheduled,0,2452758.20254,26.81503620368686
2017-02-01,6952.59,547770.93,scheduled,0,2492125.141594,27.898237869198738
2017-03-01,7495.01,555265.9400000001,scheduled,0,2600863.491736,28.817390931183787
2017-04-03,7454.37,562720.31,scheduled,0,2566915.780736,29.040181434634537
2017-05-01,7591.47,570311.78,scheduled,0,2622055.656962,28.95236025918583
2017-06-01,7726.01,578037.79,scheduled,0,2678030.77747,28.84959375746588
2017-07-03,7734.01,585771.8,scheduled,0,2673501.20061,28.9283954622327
2017-08-01,7419.26,593191.06,scheduled,0,2715839.41097,27.318478294525182
2017-09-01,7706.03,600897.0900000001,scheduled,0,2707612.735768,28.460606268400582
2017-10-02,7989.19,608886.28,scheduled,0,2814388.818656,28.386944785458624
2017-11-01,8251.93,617138.2100000001,scheduled,1,2876541.199808,28.68698699865933
2017-12-01,8248.77,625386.9800000001,scheduled,1,2951624.444812,27.946543180649787
2018-01-02,8451.15,633838.1300000001,scheduled,0,2994258.554554,28.224516507255377
2018-02-01,8404.8,642242.9300000002,scheduled,0,3102137.125156,27.09357988028121
2018-03-01,8069.68,650312.6100000002,scheduled,0,2967070.903444,27.197462624277684
2018-04-02,7943.1,658255.7100000002,scheduled,0,2993454.789156,26.534892154624938
2018-05-01,8493.99,666749.7000000002,scheduled,0,3091216.530802,27.477822777417273
2018-06-01,9076.37,675826.0700000002,scheduled,0,3188727.71038,28.463922994912515
2018-07-02,8724.07,684550.1400000001,scheduled,0,3227601.086128,27.029579452973394
2018-08-01,9176.72,693726.8600000001,scheduled,0,3251374.699052,28.224123176807787
2018-09-03,9042.53,702769.3900000001,scheduled,0,3385526.633626,26.70937487298743
2018-10-01,9260.39,712029.7800000001,scheduled,0,3344014.94018,27.692430104697845
2018-11-01,9037.35,721067.1300000001,scheduled,0,3060923.822546,29.524909876662527
2018-12-03,8817.08,729884.2100000001,scheduled,0,3092011.922806,28.515672708009816
2019-01-02,7929.86,737814.0700000001,scheduled,0,2739594.445576,28.945379170283527
2019-02-01,9101.78,746915.8500000001,scheduled,0,3064305.747666,29.702584368196888
2019-03-01,9307.67,756223.5200000001,scheduled,0,3209479.809686,29.000556326636055
2019-04-01,9369.99,765593.5100000001,scheduled,0,3245691.202496,28.86901253204339
2019-05-01,9273.66,774867.1700000002,scheduled,0,3300123.552616,28.10094789526529
2019-06-03,9287.93,784155.1000000002,scheduled,0,3152558.566926,29.46156210210072
2019-07-01,9875.63,794030.7300000002,scheduled,0,3381783.128886,29.202434407002176
2019-08-01,9220.63,803251.3600000002,scheduled,0,3277797.278336,28.130568235388022
2019-09-02,8993.78,812245.1400000002,scheduled,0,3230381.136566,27.84123488772189
2019-10-01,9169.78,821414.9200000003,scheduled,0,3236921.251686,28.32870893977968
2019-11-01,9426.14,830841.0600000003,scheduled,0,3364676.437226,28.014996912366882
2019-12-02,9613.3,840454.3600000003,scheduled,0,3369058.489796,28.534084608848968
2020-01-02,9916.13,850370.4900000003,scheduled,0,3510368.501246,28.248116961168847
2020-02-03,9722.18,860092.6700000004,scheduled,0,3525123.136726,27.579689057414292
2020-03-02,9331.09,869423.7600000004,scheduled,0,3337394.292126,27.95920764296589
2020-04-01,7515.57,876939.3300000003,scheduled,0,2650759.989178,28.35251033923511
2020-05-01,8336.92,885276.2500000003,scheduled,0,3000120.518212,27.788616988522197
2020-06-01,9268.77,894545.0200000004,scheduled,0,3293851.369814,28.139612142011732
2020-07-01,9575.87,904120.8900000004,scheduled,0,3360826.744548,28.49260235010379
2020-08-03,9328.25,913449.1400000004,scheduled,0,3564695.730786,26.168432608252825
2020-09-01,10377.17,923826.3100000004,scheduled,1,3707165.89984,27.99219209598328
2020-10-01,10009.33,933835.6400000004,scheduled,1,3585246.704806,27.918106685887356
2020-11-02,9468.79,943304.4300000004,scheduled,1,3547634.3935,26.690433538892236
2020-12-01,10794.13,954098.5600000004,scheduled,0,3916748.020006,27.558908423175673
2021-01-04,10674.38,964772.9400000004,scheduled,0,4026148.725226,26.512632116939034
2021-02-01,12275.43,977048.3700000005,scheduled,0,4342120.922526,28.27058531769044
2021-03-01,12252.27,989300.6400000005,scheduled,0,4459021.925888,27.477483187212627
2021-04-01,13199.99,1002500.6300000005,scheduled,0,4541160.506622,29.06743767535092
2021-05-03,13483.33,1015983.9600000004,scheduled,0,4670497.038536,28.869154372114632
2021-06-01,13567.0,1029550.9600000004,scheduled,0,4839425.671546,28.034318369158658
2021-07-01,14106.15,1043657.1100000005,scheduled,0,4871770.537666,28.954873574070398
2021-08-02,13887.98,1057545.0900000005,scheduled,0,4899881.225086,28.343503366770378
2021-09-01,14712.72,1072257.8100000005,scheduled,0,5153766.452276,28.547510129223234
2021-10-01,14277.71,1086535.5200000005,scheduled,0,4975218.652066,28.697653306294516
2021-11-01,14748.27,1101283.7900000005,scheduled,0,5271367.704766,27.978071016874143
2021-12-01,13950.03,1115233.8200000005,scheduled,0,5023518.713346,27.769439701575923
2022-01-03,14530.3,1129764.1200000006,scheduled,0,5246472.569526,27.69537018910357
2022-02-01,13205.75,1142969.8700000006,scheduled,0,4767526.882196,27.699371867867093
2022-03-01,12912.57,1155882.4400000006,scheduled,0,4624259.576026,27.92354059651819
2022-04-01,13474.94,1169357.3800000006,scheduled,0,4916753.4960859995,27.40617362803886
2022-05-02,11878.32,1181235.7000000007,scheduled,0,4362754.873316,27.226650006516735
2022-06-01,12009.95,1193245.6500000006,scheduled,0,4261318.956926,28.18364483249959
2022-07-01,11461.57,1204707.2200000007,scheduled,0,4047878.345256,28.315006090616922
2022-08-01,12946.87,1217654.0900000008,scheduled,0,4376042.342166,29.585796908883925
2022-09-01,12139.29,1229793.3800000008,scheduled,0,4107755.113396,29.552126806225548
2022-10-03,11313.97,1241107.3500000008,scheduled,0,3872903.694018,29.213145727004015
2022-11-01,11822.81,1252930.1600000008,scheduled,0,4060187.858826,29.118874325727763
2022-12-01,12663.06,1265593.220000001,scheduled,0,4335071.391456,29.210730012330707
2023-01-03,11659.97,1277253.1900000009,scheduled,0,4032658.733496,28.91385254881639
2023-02-01,12708.12,1289961.310000001,scheduled,1,4495454.221606,28.268823067805652
2023-03-01,12132.5,1302093.810000001,scheduled,0,4268402.733046,28.42398142534703
2023-04-03,12118.74,1314212.550000001,scheduled,0,4299818.029146,28.184309005297465
2023-05-01,11877.07,1326089.620000001,scheduled,0,4273604.446446,27.791692349714694
2023-06-01,12099.35,1338188.9700000011,scheduled,0,4276253.680606,28.29427555917442
2023-07-03,13153.9,1351342.870000001,scheduled,0,4556530.949676,28.868233630532746
2023-08-01,13400.59,1364743.4600000011,scheduled,0,4656641.681606,28.77736986492453
2023-09-01,12899.35,1377642.8100000012,scheduled,0,4633968.103736,27.83651011667577
2023-10-02,12177.28,1389820.0900000012,scheduled,0,4247200.487916,28.671309571202045
2023-11-01,11296.56,1401116.6500000013,scheduled,0,4151246.129026,27.21245536614446
2023-12-01,12608.32,1413724.9700000014,scheduled,0,4588911.831036,27.47562050490198
2024-01-02,13559.66,1427284.6300000013,scheduled,0,4808010.008476,28.20222914697721
2024-02-01,13562.73,1440847.3600000013,scheduled,0,4837611.976046,28.036002199344303
2024-03-01,13619.47,1454466.8300000012,scheduled,0,5141371.775426,26.48995364446588
2024-04-01,13896.8,1468363.6300000013,scheduled,0,5121572.364396,27.13385462755027
2024-05-01,12998.41,1481362.0400000012,scheduled,0,4807450.220936,27.038054275410133
2024-06-03,13627.38,1494989.420000001,scheduled,0,4991950.073286,27.29871052382069
2024-07-01,13487.84,1508477.2600000012,scheduled,0,4971762.605896,27.128889830750985
2024-08-01,13894.51,1522371.7700000012,scheduled,0,5146972.754216,26.995499419768052
2024-09-02,15029.47,1537401.2400000012,scheduled,0,5300113.665136,28.356882417189343
2024-10-01,15105.75,1552506.9900000012,scheduled,0,5390577.312546,28.022508766997852
2024-11-01,14187.61,1566694.6000000013,scheduled,0,5340824.477946,26.564456590148676
2024-12-02,14958.73,1581653.3300000012,scheduled,0,5695452.744106,26.264338713862912
2025-01-02,14792.08,1596445.4100000013,scheduled,0,5346735.007746,27.665631415378176
2025-02-03,14773.57,1611218.9800000014,scheduled,0,5495917.276406,26.880990482558765
2025-03-03,14329.78,1625548.7600000014,scheduled,0,5304399.388526,27.01489641032101
2025-04-01,14071.74,1639620.5000000014,scheduled,0,5155094.049706,27.296766779264725
2025-05-01,14437.78,1654058.2800000014,scheduled,0,5232191.549406,27.594135007612806
2025-06-02,14992.04,1669050.3200000015,scheduled,0,5487499.525006,27.32034860628732
2025-07-01,15541.56,1684591.8800000015,scheduled,0,5666565.180606,27.42677354738896
2025-08-01,14934.62,1699526.5000000016,scheduled,0,5515199.286306,27.0790214908136
2025-09-01,16130.74,1715657.2400000016,scheduled,0,5807747.353706,27.77452085567524
2025-10-01,16374.34,1732031.5800000017,scheduled,0,5838102.485706,28.047366486098706
